classids;subjectid;teacherids;classroomids;day;period
331;CA1048_OT;274;;3;2
331;CA1048_OT;274;;3;3
331;CA1048_OT;274;;3;4
331;CA1048_OT;274;;3;5
300;UET1026_TP;478;70;0;12
300;UET1026_TP;478;70;0;13
300;UET1026_TP;478;70;4;1
300;UET1026_TP;478;70;4;2
300;UET1026_TP;478;70;4;3
300;UET1026_TP;478;70;4;4
300;UET1026_OT;478;70;0;14
300;UET1026_OT;478;70;0;15
300;UET1028_OT;323;77;0;6
300;UET1028_OT;323;77;0;7
300;UET1028_TP;323;77;1;5
300;UET1028_TP;323;77;1;6
300;UET1028_TP;323;77;1;7
300;UET1028_TP;323;77;1;8
300;UET1028_TP;323;77;0;8
300;UET1028_TP;323;77;0;9
300;UET1030_OT;323;72;3;1
300;UET1030_OT;323;72;3;2
300;UET1030_TP;323;72;3;3
300;UET1030_TP;323;72;3;4
300;UET1030_TP;323;72;2;5
300;UET1030_TP;323;72;2;6
300;UET1030_TP;323;72;2;7
300;UET1030_TP;323;72;2;8
294;MF1003_OT;258;58;1;11
294;MF1003_OT;258;58;1;12
294;MF1003_OT;258;58;1;13
294;MF1003_OT;258;58;1;14
294;MF1003_TP;258;56;3;6
294;MF1003_TP;258;56;3;7
294;MF1003_TP;258;56;3;8
294;MF1003_TP;258;56;3;9
294;MF1003_TP;258;56;2;15
294;MF1003_TP;258;56;2;16
294;MF1003_TP;258;56;2;17
294;MF1003_TP;258;56;2;18
317,294,331;ULC1147_OT;253;85;2;5
317,294,331;ULC1147_OT;253;85;2;6
317,294,331;ULC1147_OT;253;85;2;7
317,294,331;ULC1147_OT;253;85;2;8
317,294,331;ULC1147_P;253;87;1;5
317,294,331;ULC1147_P;253;87;1;6
317,294,331;ULC1147_P;253;87;1;7
317,294,331;ULC1147_P;253;87;1;8
317,331,294;ULC1150_OT;739;57;1;5
317,331,294;ULC1150_OT;739;57;1;6
317,331,294;ULC1150_OT;739;57;1;7
317,331,294;ULC1150_OT;739;57;1;8
317,294,331;ULC1150_P;739;56;2;5
317,294,331;ULC1150_P;739;56;2;6
317,294,331;ULC1150_P;739;56;2;7
317,294,331;ULC1150_P;739;56;2;8
295;G1035_OT;488;87;0;2
295;G1035_OT;488;87;0;3
295;G1035_OT;488;87;0;4
295;G1035_OT;488;87;0;5
295;G1035_TP;488;87;3;12
295;G1035_TP;488;87;3;13
295;G1035_TP;488;87;3;14
295;G1035_TP;488;87;3;15
295;G1035_TP;488;87;3;16
295;G1035_TP;488;87;3;17
296;CA1020_OT;405;54;1;11
296;CA1020_OT;405;54;1;12
296;CA1020_OT;405;54;1;13
296;CA1020_OT;405;54;1;14
296;CA1020_TP;405;54;0;12
296;CA1020_TP;405;54;0;13
296;CA1020_TP;405;54;0;14
296;CA1020_TP;405;54;0;15
296;CA1020_TP;405;54;0;16
296;CA1020_TP;405;54;0;17
296;CA1050_OT;303;53;4;1
296;CA1050_OT;303;53;4;2
296;CA1050_OT;303;53;4;3
296;CA1050_OT;303;53;4;4
296;CA1050_TP;303;54;3;15
296;CA1050_TP;303;54;3;16
296;CA1050_TP;303;54;3;17
296;CA1050_TP;303;54;3;18
296;CA1050_TP;303;54;3;19
296;CA1050_TP;303;54;3;20
301;UET1013_OT;426;77;0;20
301;UET1013_OT;426;77;0;21
301;UET1013_TP;426;77;2;17
301;UET1013_TP;426;77;2;18
301;UET1013_TP;426;77;2;19
301;UET1013_TP;426;77;2;20
301;UET1016_P;426;72;4;5
301;UET1016_P;426;72;4;6
301;UET1016_P;426;72;4;7
301;UET1016_P;426;72;4;8
301;UET1016_OT;426;72;0;18
301;UET1016_OT;426;72;0;19
301;UET1016_TP;426;72;0;16
301;UET1016_TP;426;72;0;17
301;UET1017_OT;216;77;2;15
301;UET1017_OT;216;77;2;16
301;UET1017_P;216;77;2;11
301;UET1017_P;216;77;2;12
301;UET1017_TP;216;77;2;13
301;UET1017_TP;216;77;2;14
301;UET1018_OT;447;77;0;14
301;UET1018_OT;447;77;0;15
301;UET1018_T;447;77;0;12
301;UET1018_T;447;77;0;13
301;UET1018_TP;447;80;1;5
301;UET1018_TP;447;80;1;6
301;UET1018_TP;447;80;1;7
301;UET1018_TP;447;80;1;8
302;UET1002_OT;447;78;0;18
302;UET1002_OT;447;78;0;19
302;UET1002_P;447;79;4;6
302;UET1002_P;447;79;4;7
302;UET1002_P;447;79;4;8
302;UET1002_P;447;79;4;9
302;UET1002_TP;447;78;0;20
302;UET1002_TP;447;78;0;21
302;UET1005_OT;447;71;1;17
302;UET1005_OT;447;71;1;18
302;UET1005_P;447;71;3;4
302;UET1005_P;447;71;3;5
302;UET1005_P;447;71;3;6
302;UET1005_P;447;71;3;7
302;UET1005_TP;447;71;1;15
302;UET1005_TP;447;71;1;16
302;UET1006_P;463;126;2;11
302;UET1006_P;463;126;2;12
302;UET1006_P;463;126;2;13
302;UET1006_P;463;126;2;14
302;UET1006_TP;463;126;2;15
302;UET1006_TP;463;126;2;16
302;UET1008_P;127;79;4;3
302;UET1008_P;127;79;4;4
302;UET1008_TP;127;79;3;1
302;UET1008_TP;127;79;3;2
302;UET1008_TP;127;79;3;3
302;UET1008_TP;127;79;4;5
303;EA1007_OT;258;83;4;6
303;EA1007_OT;258;83;4;7
303;EA1007_T;258;83;4;8
303;EA1007_T;258;83;4;9
303;EA1007_TP;258;81;1;6
303;EA1007_TP;258;81;1;7
303;EA1007_TP;258;81;1;8
303;EA1007_TP;258;81;1;9
303;EA1007_TP;258;83;2;6
303;EA1007_TP;258;83;2;7
303;EA1007_TP;258;83;2;8
303;EA1007_TP;258;83;2;9
303;UET1130_L;95;78;3;8
303;UET1130_L;95;78;3;9
303;UET1130_T;95;78;3;5
303;UET1130_T;95;78;3;6
303;UET1130_TP;95;79;1;13
303;UET1130_TP;95;79;1;14
303;UET1130_TP;95;79;1;15
303;UET1130_TP;95;79;1;16
303;ET1022_TP;195;85;2;12
303;ET1022_TP;195;85;2;13
303;ET1022_TP;195;85;2;14
303;ET1022_TP;195;85;2;15
303;EA1022_T;195;90;3;12
303;EA1022_T;195;85;2;16
303;ET1022_TP;195;90;3;13
303;ET1022_TP;195;90;3;14
303;ET1022_TP;195;90;3;15
303;ET1022_TP;195;90;3;16
304;EC1116_T;92;93;2;19
304;EC1116_T;92;93;2;20
304;EC1116_TC;92;93;2;21
304;EC1116_TP;92;93;1;1
304;EC1116_TP;92;93;1;2
304;EC1116_TP;92;93;1;3
304;EC1116_TP;92;93;1;4
304;EC1120_L;200;93;1;19
304;EC1120_L;200;93;1;20
304;EC1120_T;200;93;2;15
304;EC1120_T;200;93;2;16
304;EC1120_T;200;93;2;17
304;EC1120_T;200;93;2;18
304;EC1120_TP;200;93;1;17
304;EC1120_TP;200;93;1;18
304;EM1029_OT;296;78;1;13
304;EM1029_OT;296;78;1;14
304;EM1029_T;296;78;1;11
304;EM1029_T;296;78;1;12
304;EM1029_TP;296;78;1;15
304;EM1029_TP;296;78;1;16
304;UET1123_L;216;85;3;5
304;UET1123_L;216;85;3;6
304;UET1123_T;216;85;3;7
304;UET1123_T;216;85;3;8
304;UET1123_TP;216;78;0;10
304;UET1123_TP;216;78;0;11
304;UET1123_TP;216;78;0;12
304;UET1123_TP;216;78;0;13
304;UET1124_L;257;85;3;3
304;UET1124_L;257;85;3;4
304;UET1124_T;257;85;3;1
304;UET1124_T;257;85;3;2
304;UET1124_TP;257;78;0;14
304;UET1124_TP;257;78;0;15
304;UET1124_TP;257;78;0;16
304;UET1124_TP;257;78;0;17
304;UET1125_OT;693;93;2;11
304;UET1125_OT;693;93;2;12
304;UET1125_T;693;95;4;2
304;UET1125_T;693;95;4;3
304;UET1125_T;693;95;4;4
304;UET1125_T;693;95;4;5
304;UET1125_TP;693;93;2;13
304;UET1125_TP;693;93;2;14
305;EC1131_L;204;92;1;11
305;EC1131_L;204;92;1;12
305;EC1131_L;204;92;1;13
305;EC1131_L;204;92;1;14
305;EC1131_T;200;93;4;2
305;EC1131_T;200;93;4;3
305;EC1131_T;200;93;4;4
305;EC1131_T;200;93;4;5
305;EC1195_OT;693;93;2;7
305;EC1195_OT;693;93;2;8
305;EC1195_T;693;93;2;5
305;EC1195_T;693;93;2;6
305;EC1195_TP;693;94;3;11
305;EC1195_TP;693;94;3;12
305;EC1195_TP;693;94;3;13
305;EC1195_TP;693;94;3;14
305;EC1195_TP;693;94;3;15
305;EC1195_TP;693;94;3;16
305;UET1115_OT;296;90;3;5
305;UET1115_OT;296;90;3;6
305;UET1115_T;296;90;3;1
305;UET1115_T;296;90;3;2
305;UET1115_T;296;90;3;3
305;UET1115_T;296;90;3;4
305;UET1115_TP;296;79;0;10
305;UET1115_TP;296;79;0;11
305;UET1115_TP;296;79;0;12
305;UET1115_TP;296;79;0;13
305;UET1116_P;127;79;2;3
305;UET1116_P;127;79;2;4
305;UET1116_T;127;79;2;1
305;UET1116_T;127;79;2;2
305;UET1116_TP;127;78;4;6
305;UET1116_TP;127;78;4;7
305;UET1116_TP;127;78;4;8
305;UET1116_TP;127;78;4;9
305;UET1117_T;257;80;0;2
305;UET1117_T;257;80;0;3
305;UET1117_TP;257;80;0;4
305;UET1117_TP;257;80;0;5
305;UET1117_TP;257;80;0;6
305;UET1117_TP;257;80;0;7
305;UET1114_OT;465;73;0;14
305;UET1114_OT;465;73;0;15
305;UET1114_P;465;73;0;16
305;UET1114_P;465;73;0;17
305;UET1114_P;465;73;0;18
305;UET1114_P;465;73;0;19
305;UET1114_T;465;73;1;7
305;UET1114_T;465;73;1;8
305;UET1114_TP;465;73;1;5
305;UET1114_TP;465;73;1;6
308;EC1163_OT;427;92;0;14
308;EC1163_OT;427;92;0;15
308;EC1163_TP;427;92;0;10
308;EC1163_TP;427;92;0;11
308;EC1163_TP;427;92;0;12
308;EC1163_TP;427;92;0;13
308;MF1014_OT;258;;1;6
308;MF1014_OT;258;;1;7
308;MF1014_OT;258;;1;8
308;MF1014_OT;258;;1;9
308;MF1014_T;258;;2;6
308;MF1014_T;258;;2;7
308;MF1014_TP;258;;4;6
308;MF1014_TP;258;;4;7
308;MF1014_TP;258;;4;8
308;MF1014_TP;258;;4;9
308;UCEE1019_OT;87;81;4;4
308;UCEE1019_OT;87;81;4;5
308;UCEE1019_T;87;81;4;2
308;UCEE1019_T;87;81;4;3
308;UCEE1019_TP;87;83;3;6
308;UCEE1019_TP;87;83;3;7
308;UCEE1019_TP;87;83;3;8
308;UCEE1019_TP;87;83;3;9
308;UET1105_T;548;61;2;2
308;UET1105_T;548;61;2;3
308;UET1105_T;548;61;2;4
308;UET1105_T;548;61;2;5
308;UET1105_TP;548;61;1;2
308;UET1105_TP;548;61;1;3
308;UET1105_TP;548;61;1;4
308;UET1105_TP;548;61;1;5
309;EC1168_TP;290;93;3;1
309;EC1168_TP;290;93;3;2
309;EC1168_TP;290;93;3;3
309;EC1168_TP;290;93;3;4
309;EC1169_L;370;92;4;4
309;EC1169_OT;370;92;4;3
309;EC1169_T;370;92;4;1
309;EC1169_T;370;92;4;2
309;EC1170_L;204;61;2;14
309;EC1170_L;204;61;2;15
309;EC1170_OT;204;61;2;13
309;EC1170_T;204;61;2;11
309;EC1170_T;204;61;2;12
309;EC1170_TC;204;61;0;18
309;EC1170_TP;204;61;0;14
309;EC1170_TP;204;61;0;15
309;EC1170_TP;204;61;0;16
309;EC1170_TP;204;61;0;17
309;UET1101_OT;548;61;1;14
309;UET1101_OT;548;61;1;15
309;UET1101_T;548;61;0;10
309;UET1101_T;548;61;0;11
309;UET1101_T;548;61;0;12
309;UET1101_T;548;61;0;13
309;UET1101_TP;548;61;1;10
309;UET1101_TP;548;61;1;11
309;UET1101_TP;548;61;1;12
309;UET1101_TP;548;61;1;13
309;UET1102_OT;290;61;1;21
309;UET1102_T;290;61;1;16
309;UET1102_T;290;61;1;17
309;UET1102_T;290;61;1;18
309;UET1102_T;290;61;1;19
309;UET1102_T;290;61;1;20
310;EC1174_P;501;92;2;7
310;EC1174_OT;501;92;2;8
310;EC1174_T;501;92;2;5
310;EC1174_T;501;92;2;6
310;EC1180_OT;370;92;4;6
310;EC1180_OT;370;92;4;7
310;EC1180_T;370;92;4;8
310;EC1180_T;370;92;4;9
310;EC1180_TP;370;92;3;14
310;EC1180_TP;370;92;3;15
310;EC1180_TP;370;92;3;16
310;EC1180_TP;370;92;3;17
310;EC1180_TP;370;92;3;18
310;EC1180_TP;370;92;3;19
310;EC1181_P;548;93;0;19
310;EC1181_TP;548;93;0;14
310;EC1181_TP;548;93;0;15
310;EC1181_TP;548;93;0;16
310;EC1181_TP;548;93;0;17
310;EC1181_TP;548;93;0;18
310;EC1182_OT;92;93;1;9
310;EC1182_T;92;93;1;7
310;EC1182_T;92;93;1;8
310;EC1183_L;92;92;3;13
310;EC1183_OT;92;92;3;10
310;EC1183_OT;92;92;3;11
310;EC1183_TP;92;92;3;12
267;MF1007_OT;301;58;2;4
267;MF1007_OT;301;58;2;5
267;MF1007_T;301;58;2;2
267;MF1007_T;301;58;2;3
267;MF1007_TP;301;58;4;6
267;MF1007_TP;301;58;4;7
267;MF1007_TP;301;58;4;8
267;MF1007_TP;301;58;4;9
267;MF1007_TP;301;58;3;2
267;MF1007_TP;301;58;3;3
267;MF1007_TP;301;58;3;4
267;MF1007_TP;301;58;3;5
267;UCEE1022_OT;480;87;1;3
267;UCEE1022_OT;480;87;1;4
267;UCEE1022_TP;480;87;4;2
267;UCEE1022_TP;480;87;4;3
267;UCEE1022_TP;480;87;4;4
267;UCEE1022_TP;480;87;4;5
267;UCEE1022_TP;480;58;2;6
267;UCEE1022_TP;480;58;2;7
267;UCEE1022_TP;480;58;2;8
267;UCEE1022_TP;480;58;2;9
268;MF1007_OT;301;58;3;6
268;MF1007_OT;301;58;3;7
268;MF1007_T;301;58;3;8
268;MF1007_T;301;58;3;9
268;MF1007_TP;301;59;2;6
268;MF1007_TP;301;59;2;7
268;MF1007_TP;301;59;2;8
268;MF1007_TP;301;59;2;9
268;MF1007_TP;301;58;4;2
268;MF1007_TP;301;58;4;3
268;MF1007_TP;301;58;4;4
268;MF1007_TP;301;58;4;5
268;UCEE1022_OT;480;88;1;7
268;UCEE1022_OT;480;88;1;8
268;UCEE1022_TP;480;87;2;2
268;UCEE1022_TP;480;87;2;3
268;UCEE1022_TP;480;87;2;4
268;UCEE1022_TP;480;87;2;5
268;UCEE1022_TP;480;87;4;6
268;UCEE1022_TP;480;87;4;7
268;UCEE1022_TP;480;87;4;8
268;UCEE1022_TP;480;87;4;9
269;INF1035_OT;704;62;1;14
269;INF1035_OT;704;62;1;15
269;INF1035_P;704;62;0;10
269;INF1035_P;704;62;0;11
269;INF1035_P;704;62;0;12
269;INF1035_P;704;62;0;13
269;INF1035_T;704;62;1;16
269;INF1035_T;704;62;1;17
269;INF1056_OT;415;69;4;11
269;INF1056_OT;415;69;4;12
269;INF1056_OT;415;69;4;13
269;INF1056_OT;415;69;4;14
269;INF1056_TP;415;69;2;11
269;INF1056_TP;415;69;2;12
269;INF1056_TP;415;69;2;13
269;INF1056_TP;415;69;2;14
269;INF1056_TP;415;69;2;15
269;INF1056_TP;415;69;2;16
269;INF1058_OT;514;71;0;18
269;INF1058_OT;514;71;0;19
269;MF1045_TP;276;87;1;10
269;MF1045_TP;276;87;1;11
269;MF1045_TP;276;87;1;12
269;MF1045_TP;276;87;1;13
269;MF1045_TP;276;87;0;14
269;MF1045_TP;276;87;0;15
269;MF1045_TP;276;87;0;16
269;MF1045_TP;276;87;0;17
269,270;INF1007_OT;256;64,90;1;18
269,270;INF1007_OT;256;64,90;1;19
269,270;INF1007_OT;256;64,90;1;20
269,270;INF1007_OT;256;64,90;1;21
269;INF1017_TP;256;64,90;4;15
269;INF1017_TP;256;64,90;4;16
269;INF1017_TP;256;64,90;4;17
269;INF1017_TP;256;64,90;4;18
270;INF1035_OT;704;62;0;16
270;INF1035_OT;704;62;0;17
270;INF1035_P;704;62;1;10
270;INF1035_P;704;62;1;11
270;INF1035_P;704;62;1;12
270;INF1035_P;704;62;1;13
270;INF1035_T;704;62;0;18
270;INF1035_T;704;62;0;19
270;INF1056_OT;415;69;4;5
270;INF1056_OT;415;69;4;6
270;INF1056_OT;415;69;4;7
270;INF1056_OT;415;69;4;8
270;INF1056_TP;415;69;2;17
270;INF1056_TP;415;69;2;18
270;INF1056_TP;415;69;2;19
270;INF1056_TP;415;69;2;20
270;INF1056_TP;415;69;2;21
270;INF1056_TP;415;69;2;22
270;INF1058_OT;514;71;0;14
270;INF1058_OT;514;71;0;15
270;MF1045_TP;276;87;0;10
270;MF1045_TP;276;87;0;11
270;MF1045_TP;276;87;0;12
270;MF1045_TP;276;87;0;13
270;MF1045_TP;276;87;1;14
270;MF1045_TP;276;87;1;15
270;MF1045_TP;276;87;1;16
270;MF1045_TP;276;87;1;17
270;INF1017_OT;256;64,90;4;1
270;INF1017_OT;256;64,90;4;2
270;INF1017_TP;256;64,90;4;3
270;INF1017_TP;256;64,90;4;4
271,272;INF1016_OT;382;65;3;7
271,272;INF1016_OT;382;65;3;8
271,272;INF1016_P;382;65;2;4
271,272;INF1016_P;382;65;2;5
271,272;INF1016_P;382;65;2;6
271,272;INF1016_P;382;65;2;7
271,272;INF1016_T;382;65;3;5
271,272;INF1016_T;382;65;3;6
271;UINF1071_OT;491;67;4;5
271;UINF1071_OT;491;67;4;6
271;UINF1071_OT;491;67;4;7
271;UINF1071_OT;491;67;4;8
271;INF1012_OT;329;66;4;1
271;INF1012_OT;329;66;4;2
271;INF1012_OT;329;66;4;3
271;INF1012_OT;329;66;4;4
272;INF1012_OT;329;66;4;5
272;INF1012_OT;329;66;4;6
272;INF1012_OT;329;66;4;7
272;INF1012_OT;329;66;4;8
272;UINF1071_OT;491;67;4;1
272;UINF1071_OT;491;67;4;2
272;UINF1071_OT;491;67;4;3
272;UINF1071_OT;491;67;4;4
272;INF1060_P;278;68;3;1
272;INF1060_P;278;68;3;2
272;INF1060_P;278;68;3;3
272;INF1060_P;278;68;3;4
326;CSH1005_OT;384;83;1;3
326;CSH1005_OT;384;83;1;4
326;CSH1005_TP;384;88;4;5
326;CSH1005_TP;384;88;4;6
326;CSH1005_TP;384;88;4;7
326;CSH1005_TP;384;88;4;8
326;CSH1005_TP;384;83;1;1
326;CSH1005_TP;384;83;1;2
326;CSH1054_OT;372;60;1;15
326;CSH1054_OT;372;60;1;16
326;CSH1054_TP;372;58;3;12
326;CSH1054_TP;372;58;3;13
326;CSH1054_TP;372;58;3;14
326;CSH1054_TP;372;58;3;15
326;CSH1054_TP;372;60;1;11
326;CSH1054_TP;372;60;1;12
326;CSH1054_TP;372;60;1;13
326;CSH1054_TP;372;60;1;14
326;CSH1058_OT;895;83;1;7
326;CSH1058_OT;895;83;1;8
326;CSH1058_TP;895;83;1;5
326;CSH1058_TP;895;83;1;6
326;CSH1058_TP;895;83;0;6
326;CSH1058_TP;895;83;0;7
326;CSH1058_TP;895;83;0;8
326;CSH1058_TP;895;83;0;9
326;MF1023_OT;195;83;0;2
326;MF1023_OT;195;83;0;3
326;MF1023_OT;195;83;0;4
326;MF1023_OT;195;83;0;5
326;MF1023_TP;195;88;3;6
326;MF1023_TP;195;88;3;7
326;MF1023_TP;195;88;3;8
326;MF1023_TP;195;88;3;9
326;MF1023_TP;195;54;2;5
326;MF1023_TP;195;54;2;6
326;MF1023_TP;195;54;2;7
326;MF1023_TP;195;54;2;8
327;CSH1039_OT;384;89;3;12
327;CSH1057_OT;373;88;4;3
327;CSH1057_OT;373;88;4;4
327;CSH1057_TP;373;88;4;1
327;CSH1057_TP;373;88;4;2
327;CSH1057_TP;373;89;3;15
327;CSH1057_TP;373;89;3;16
327;CSH1057_TP;373;89;3;17
327;CSH1057_TP;373;89;3;18
327;GRH1048_OT;562;56;1;7
327;GRH1048_OT;562;56;1;8
327;GRH1171_OT;488;89;2;11
327;GRH1171_OT;488;89;2;12
327;GRH1171_OT;488;89;2;13
327;GRH1171_OT;488;89;2;14
327;GRH1171_TP;488;89;1;11
327;GRH1171_TP;488;89;1;12
327;GRH1171_TP;488;89;1;13
327;GRH1171_TP;488;89;1;14
327;CSH1039_TP;384;89;2;15
327;CSH1039_TP;384;89;2;16
327;CSH1039_TP;384;89;2;17
327;CSH1039_TP;384;89;3;13
327;CSH1039_TP;384;89;3;14
328;G1182_OT;104;59;2;13
328;G1182_OT;104;59;2;14
328;G1182_TP;104;57;4;6
328;G1182_TP;104;57;4;7
328;G1182_TP;104;57;4;8
328;G1182_TP;104;57;4;9
328;G1182_TP;104;59;2;11
328;G1182_TP;104;59;2;12
328;G1183_OT;447;55;3;18
328;G1183_OT;447;55;3;19
328;G1183_TP;447;55;3;16
328;G1183_TP;447;55;3;17
328;G1183_TP;447;83;4;2
328;G1183_TP;447;83;4;3
328;G1183_TP;447;83;4;4
328;G1183_TP;447;83;4;5
328;G1185_OT;296;79;0;17
328;G1185_TP;296;59;2;15
328;G1185_TP;296;59;2;16
328;G1185_TP;296;59;2;17
328;G1185_TP;296;59;2;18
328;G1185_TP;296;79;0;14
328;G1185_TP;296;79;0;15
328;G1185_TP;296;79;0;16
328;G1186_OT;485;56;1;13
328;G1186_OT;485;56;1;14
328;G1186_TP;485;55;3;12
328;G1186_TP;485;55;3;13
328;G1186_TP;485;55;3;14
328;G1186_TP;485;55;3;15
328;G1186_TP;485;56;1;11
328;G1186_TP;485;56;1;12
317;G1167_TP;268;60;0;12
317;G1167_TP;268;60;0;13
317;G1167_TP;268;60;0;14
317;INF1111_OT;514;71;1;5
317;INF1111_OT;514;71;1;6
317;INF1111_OT;514;71;1;7
317;INF1111_OT;514;71;1;8
317;INF1111_P;514;71;2;5
317;INF1111_P;514;71;2;6
317;INF1111_P;514;71;2;7
317;INF1111_P;514;71;2;8
317;MF1021_OT;506;84;3;16
317;MF1021_OT;506;84;3;17
317;MF1021_OT;506;84;3;18
317;MF1021_OT;506;84;3;19
317;MF1021_OT;506;84;1;1
317;MF1021_OT;506;84;1;2
317;MF1021_OT;506;84;1;3
317;MF1021_OT;506;84;1;4
317;MF1021_TP;506;84;2;1
317;MF1021_TP;506;84;2;2
317;MF1021_TP;506;84;2;3
317;MF1021_TP;506;84;2;4
317;MF1021_TP;506;84;3;2
317;MF1021_TP;506;84;3;3
317;MF1021_TP;506;84;3;4
317;MF1021_TP;506;84;3;5
317;MF1021_TP;506;84;2;11
317;MF1021_TP;506;84;2;12
317;MF1021_TP;506;84;2;13
317;MF1021_TP;506;84;2;14
317;MF1021_TP;506;84;1;11
317;MF1021_TP;506;84;1;12
317;MF1021_TP;506;84;1;13
317;MF1021_TP;506;84;1;14
318;CA1054_OT;456;90;0;10
318;CA1054_OT;456;90;0;11
318;CA1054_OT;456;90;0;12
318;CA1054_OT;456;90;0;13
318;CA1054_TP;456;88;1;11
318;CA1054_TP;456;88;1;12
318;CA1054_TP;456;88;1;13
318;CA1054_TP;456;88;1;14
318;CA1054_TP;456;88;3;16
318;CA1054_TP;456;88;3;17
318;CA1054_TP;456;88;3;18
318;CA1054_TP;456;88;3;19
318;G1168_OT;485;89;4;7
318;G1168_OT;485;89;4;8
318;G1168_TP;485;89;4;5
318;G1168_TP;485;89;4;6
318;G1168_TP;485;90;0;14
318;G1168_TP;485;90;0;15
318;G1168_TP;485;90;0;16
318;G1168_TP;485;90;0;17
318;G1169_OT;383;88;1;15
318;G1169_OT;383;88;1;16
318;G1169_OT;383;88;1;17
318;G1169_OT;383;88;1;18
318;G1169_TP;383;88;2;15
318;G1169_TP;383;88;2;16
318;G1169_TP;383;88;2;17
318;G1169_TP;383;88;2;18
318;G1169_TP;383;88;2;19
318;G1169_TP;383;88;2;20
318;MF1048_OT;276;88;2;11
318;MF1048_OT;276;88;2;12
318;MF1048_OT;276;88;2;13
318;MF1048_OT;276;88;2;14
318;MF1048_TP;276;88;3;10
318;MF1048_TP;276;88;3;11
318;MF1048_TP;276;88;3;12
318;MF1048_TP;276;88;3;13
318;MF1048_TP;276;88;3;14
318;MF1048_TP;276;88;3;15
316;G1171_OT;28;54;2;1
316;G1171_OT;28;54;2;2
316;G1171_OT;28;54;2;3
316;G1171_OT;28;54;2;4
316;G1171_TP;28;54;4;1
316;G1171_TP;28;54;4;2
316;G1171_TP;28;54;4;3
316;G1171_TP;28;54;4;4
316;G1172_TP;674;60;3;6
316;G1172_TP;674;60;3;7
316;G1172_TP;674;60;3;8
316;G1172_TP;674;60;3;9
316;UGE1018_OT;376;56;0;6
316;UGE1018_OT;376;56;0;7
316;UGE1018_OT;376;56;0;8
316;UGE1018_OT;376;56;0;9
316;UGE1018_TP;376;58;1;5
316;UGE1018_TP;376;58;1;6
316;UGE1018_TP;376;58;1;7
316;UGE1018_TP;376;58;1;8
332;G1055_OT;471;55;4;2
332;G1055_OT;471;55;4;3
332;G1055_OT;471;55;4;4
332;G1055_OT;471;55;4;5
332;G1055_TP;471;59;1;12
332;G1055_TP;471;59;1;13
332;G1055_TP;471;59;1;14
332;G1055_TP;471;59;1;15
332;G1055_TP;471;59;1;16
332;G1055_TP;471;59;1;17
332;G1133_OT;383;87;2;11
332;G1133_OT;383;87;2;12
332;G1133_OT;383;87;2;13
332;G1133_OT;383;87;2;14
332;G1133_P;383;55;4;6
332;G1133_P;383;55;4;7
332;G1133_P;383;55;4;8
332;G1133_P;383;55;4;9
332;G1133_TP;383;82;0;5
332;G1133_TP;383;82;0;6
332;G1133_TP;383;82;0;7
332;G1133_TP;383;82;0;8
333;G1059_OT;471;55;3;6
333;G1059_OT;471;55;3;7
333;G1059_P;471;55;3;8
333;G1059_P;471;55;3;9
333;G1059_TP;471;54;4;6
333;G1059_TP;471;54;4;7
333;G1059_TP;471;54;4;8
333;G1059_TP;471;54;4;9
333;G1090_OT;104;57;3;2
333;G1090_OT;104;57;3;3
333;G1090_OT;104;57;3;4
333;G1090_OT;104;57;3;5
333;G1090_TP;104;57;4;1
333;G1090_TP;104;57;4;2
333;G1090_TP;104;57;4;3
333;G1090_TP;104;57;4;4
333;G1137_OT;471;60;2;5
333;G1137_OT;471;60;2;6
333;G1137_OT;471;60;2;7
333;G1137_OT;471;60;2;8
333;G1137_TP;471;55;1;5
333;G1137_TP;471;55;1;6
333;G1137_TP;471;55;1;7
333;G1137_TP;471;55;1;8
333;INF1018_OT;704;62;0;5
333;INF1018_OT;704;62;0;6
333;INF1018_OT;704;62;0;7
333;INF1018_OT;704;62;0;8
451;UET1081_TP;426;82;3;14
451;UET1081_TP;426;82;3;15
451;UET1081_TP;426;82;3;16
451;UET1081_TP;279;82;3;17
451;UET1081_TP;279;82;3;18
451;UET1081_TP;279;82;3;19
451;UET1084_TP;426;82;0;10
451;UET1084_TP;426;82;0;11
451;UET1084_TP;426;82;0;12
451;UET1084_TP;426;82;0;13
451;UET1084_TP;426;82;0;14
451;UET1084_TP;279;82;0;15
451;UET1084_TP;279;82;0;16
451;UET1084_TP;279;82;0;17
451;UET1084_TP;279;82;0;18
451;UET1084_TP;279;82;0;19
451;UET1086_TP;323;82;1;11
451;UET1086_TP;323;82;1;12
451;UET1086_TP;323;82;1;13
451;UET1086_TP;323;82;1;14
451;UET1086_TP;323;82;3;10
451;UET1086_TP;323;82;3;11
451;UET1086_TP;323;82;3;12
451;UET1086_TP;323;82;3;13
451;UET1095_TP;279;80;2;16
451;UET1095_TP;279;80;2;17
451;UET1095_TP;279;80;2;18
451;UET1095_TP;279;80;2;19
451;UET1095_TP;279;82;1;15
451;UET1095_TP;279;82;1;16
451;UET1095_TP;279;82;1;17
451;UET1095_TP;279;82;1;18
443;UCSC1001_TP;612;82;1;1
443;UCSC1001_TP;612;82;1;2
443;UCSC1001_TP;612;82;1;3
443;UCSC1001_TP;612;82;1;4
443;UCSC1001_TP;612;81;3;6
443;UCSC1001_TP;612;81;3;7
443;UCSC1001_TP;612;81;3;8
443;UCSC1001_TP;612;81;3;9
443;UCSC1002_TP;612;81;0;2
443;UCSC1002_TP;612;81;0;3
443;UCSC1002_TP;612;81;0;4
443;UCSC1002_TP;612;81;0;5
443;UCSC1002_TP;612;80;4;5
443;UCSC1002_TP;612;80;4;6
443;UCSC1002_TP;612;80;4;7
443;UCSC1002_TP;612;80;4;8
443;UGE1091_TP;511;82;2;1
443;UGE1091_TP;511;82;2;2
443;UGE1091_TP;511;82;2;3
443;UGE1091_TP;511;82;2;4
443;UGE1091_TP;511;81;3;2
443;UGE1091_TP;511;81;3;3
443;UGE1091_TP;511;81;3;4
443;UGE1091_TP;511;81;3;5
308;MF1049_OT;381;83;0;16
308;MF1049_P;381;83;0;17
308;MF1049_T;381;83;0;18
308;MF1049_T;381;83;0;19
308;MF1049_TP;381;83;1;16
308;MF1049_TP;381;83;1;17
308;MF1049_TP;381;83;1;18
308;MF1049_TP;381;83;1;19
302;UET1006_OT;463;126;2;17
302;UET1006_OT;463;126;2;18
308;MF1042_TP;195;;2;12
308;MF1042_TP;195;;2;13
308;MF1042_TP;195;;2;14
308;MF1042_TP;195;;3;14
308;MF1042_TP;195;;3;15
308;MF1042_TP;195;;3;16
308;MF1042_OT;195;;3;13
308;MF1042_OT;195;;3;12
308;MF1014_TP;258;;2;8
308;MF1014_TP;258;;2;9
308;MF1042_T;195;;2;15
308;MF1042_T;195;;2;16
310;EC1176_OT;769;92;1;5
310;EC1176_OT;769;92;1;6
310;EC1176_T;769;92;2;1
310;EC1176_T;769;92;2;2
310;EC1176_T;769;92;2;3
310;EC1176_T;769;92;2;4
310;EC1176_TP;769;92;1;1
310;EC1176_TP;769;92;1;2
310;EC1176_TP;769;92;1;3
310;EC1176_TP;769;92;1;4
267;UCEE1022_T;480;87;1;1
267;UCEE1022_T;480;87;1;2
268;UCEE1022_T;480;88;1;5
268;UCEE1022_T;480;88;1;6
271,272;CSH1044_OT;372;60;2;10
271,272;CSH1044_OT;372;60;2;11
271,272;CSH1044_TP;372;60;2;12
271,272;CSH1044_TP;372;60;2;13
271,272;CSH1044_TP;372;60;2;14
271,272;CSH1044_TP;372;60;2;15
327;GRH1048_TP;562;56;1;3
327;GRH1048_TP;562;56;1;4
327;GRH1048_TP;562;56;1;5
327;GRH1048_TP;562;56;1;6
327;GRH1048_TP;562;59;0;10
327;GRH1048_TP;562;59;0;11
327;GRH1048_TP;562;59;0;12
327;GRH1048_TP;562;59;0;13
333;INF1018_TP;704;62;1;1
333;INF1018_TP;704;62;1;2
333;INF1018_TP;704;62;1;3
333;INF1018_TP;704;62;1;4
333;INF1018_TP;704;62;0;4
333;INF1018_TP;704;62;0;3
271,272;INF1060_T;278;72,54;1;4
271,272;INF1060_T;278;72,54;1;5
271,272;INF1060_OT;278;72,54;1;6
271,272;INF1060_OT;278;72,54;1;7
271,272;INF1060_OT;278;72,54;1;8
271,272;INF1060_OT;278;72,54;1;9
271;INF1060_P;278;68;3;11
271;INF1060_P;278;68;3;12
271;INF1060_P;278;68;3;13
271;INF1060_P;278;68;3;14
271,272;INF1012_TP;329;57;0;6
271,272;INF1012_TP;329;57;0;7
271,272;INF1012_TP;329;57;0;8
271,272;INF1012_TP;329;57;1;1
271,272;INF1012_TP;329;57;1;2
271,272;INF1012_TP;329;57;1;3
271;UINF1071_TP;491;67;3;2
271;UINF1071_TP;491;67;3;3
271;UINF1071_TP;491;67;3;4
271;UINF1071_TP;491;67;2;1
271;UINF1071_TP;491;67;2;2
271;UINF1071_TP;491;67;2;3
272;UINF1071_TP;491;67;3;11
272;UINF1071_TP;491;67;3;12
272;UINF1071_TP;491;67;3;13
272;UINF1071_TP;491;67;2;16
272;UINF1071_TP;491;67;2;17
272;UINF1071_TP;491;67;2;18
311;ET1022_T;205;83;5;7
311;ET1022_T;205;83;5;8
311;ET1022_TP;205;83;5;5
311;ET1022_TP;205;83;5;6
311;ET1022_TP;205;83;5;15
311;ET1022_TP;205;83;5;16
311;ET1022_TP;205;83;5;11
311;ET1022_TP;205;83;5;12
311;ET1022_TP;205;83;5;13
311;ET1022_TP;205;83;5;14
311;MF1041_T;505;85;4;7
311;MF1041_T;505;85;4;8
311;MF1041_TP;505;85;4;5
311;MF1041_TP;505;85;4;6
311;MF1041_TP;505;85;4;1
311;MF1041_TP;505;85;4;2
311;MF1041_TP;505;85;4;3
311;MF1041_TP;505;85;4;4
311;UET1148_TP;433;96;2;11
311;UET1148_TP;433;96;2;12
311;UET1148_TP;433;96;2;13
311;UET1148_TP;433;96;2;14
311;UET1148_TP;433;96;2;15
311;UET1148_TP;433;96;2;16
311;UET1149_P;432;96;2;18
311;UET1149_P;432;96;2;19
311;UET1149_TP;432;96;3;11
311;UET1149_TP;432;96;3;12
311;UET1149_TP;432;96;3;13
311;UET1149_TP;432;96;2;17
311;EC1138_TP;200;93;5;1
311;EC1138_TP;200;93;5;2
311;EC1138_TP;200;93;5;3
311;EC1138_TP;200;93;5;4
311;UET1148_P;433;86;3;14
311;UET1148_P;433;86;3;15
311;UET1148_P;433;86;3;16
311;UET1148_P;433;86;3;17
312;EC1150_P;464;92;4;17
312;EC1150_P;464;92;4;18
312;EC1150_P;464;92;4;19
312;EC1150_P;464;92;4;20
312;EC1150_P;464;92;4;21
312;EC1150_P;464;92;4;22
312;EC1150_TP;464;77;5;1
312;EC1150_TP;464;77;5;2
312;EC1150_TP;464;77;5;3
312;EC1150_TP;464;77;5;4
312;UET1143_P;464;93;3;17
312;UET1143_P;464;93;3;18
312;UET1143_P;464;93;3;19
312;UET1143_P;464;93;3;20
312;UET1143_TP;464;92;4;23
312;UET1143_TP;464;92;4;24
312;UET1143_TP;464;92;4;25
312;UET1143_TP;464;92;4;26
312;UET1144_P;427;92;2;12
312;UET1144_P;427;92;2;13
312;UET1144_T;427;92;2;14
312;UET1144_T;427;92;2;15
312;UET1144_TP;427;93;3;13
312;UET1144_TP;427;93;3;14
312;UET1144_TP;427;93;3;15
312;UET1144_TP;427;93;3;16
312;UET1145_P;433;93;3;21
312;UET1145_P;433;93;3;22
312;UET1145_P;433;93;3;23
312;UET1145_P;433;93;3;24
312;UET1145_TC;433;92;4;13
312;UET1145_TC;433;92;4;14
312;UET1145_TC;433;92;4;15
312;UET1145_TC;433;92;4;16
312;UET1145_TP;433;92;4;11
312;UET1145_TP;433;92;4;12
312;UET1146_P;693;77;5;5
312;UET1146_P;693;77;5;6
312;UET1146_P;693;77;5;7
312;UET1146_P;693;77;5;8
312;UET1146_T;693;77;5;15
312;UET1146_T;693;77;5;16
312;UET1146_TP;693;77;5;11
312;UET1146_TP;693;77;5;12
312;UET1146_TP;693;77;5;13
312;UET1146_TP;693;77;5;14
313;EC1154_P;465;95;2;14
313;EC1154_P;465;95;2;15
313;EC1154_T;465;95;2;11
313;EC1154_T;465;95;2;12
313;EC1154_T;465;95;2;13
313;EC1154_TP;465;95;1;11
313;EC1154_TP;465;95;1;12
313;EC1154_TP;465;95;1;13
313;EC1154_TP;465;95;1;14
313;EC1154_TP;465;95;1;15
313;UET1134_T;432;95;3;20
313;UET1134_T;432;95;3;21
313;UET1134_TC;432;95;3;16
313;UET1134_TC;432;95;3;17
313;UET1134_TC;432;95;3;18
313;UET1134_TC;432;95;3;19
313;UET1134_TP;432;95;2;5
313;UET1134_TP;432;95;2;6
313;UET1134_TP;432;95;2;7
313;UET1134_TP;432;95;2;8
313;UET1135_P;432;95;4;11
313;UET1135_P;432;95;4;12
313;UET1135_P;432;95;4;13
313;UET1135_P;432;95;4;14
313;UET1135_P;432;95;4;15
313;UET1135_P;432;95;4;16
313;UET1135_TP;432;95;4;17
313;UET1135_TP;432;95;4;18
313;UET1135_TP;432;95;4;19
313;UET1136_P;464;95;3;7
313;UET1136_P;464;95;3;8
313;UET1136_P;464;95;3;9
313;UET1136_T;464;95;3;3
313;UET1136_T;464;95;3;4
313;UET1136_TC;464;95;3;5
313;UET1136_TC;464;95;3;6
313;UET1136_TP;464;95;3;12
313;UET1136_TP;464;95;3;13
313;UET1136_TP;464;95;3;14
313;UET1136_TP;464;95;3;15
300;UET1032_OT;938;77;2;1
300;UET1032_OT;938;77;2;2
300;UET1032_TP;938;77;0;2
300;UET1032_TP;938;77;0;3
300;UET1032_TP;938;77;0;4
300;UET1032_TP;938;77;0;5
300;UET1032_TP;938;77;2;3
300;UET1032_TP;938;77;2;4
309;EC1165_OT;548;61;2;20
309;EC1165_OT;548;61;2;21
309;EC1165_T;548;61;0;3
309;EC1165_T;548;61;0;4
309;EC1165_T;548;61;0;5
309;EC1165_T;548;61;0;6
309;EC1165_TP;548;61;2;16
309;EC1165_TP;548;61;2;17
309;EC1165_TP;548;61;2;18
309;EC1165_TP;548;61;2;19
309;EC1169_TP;370;92;4;5
309;EC1169_TP;370;93;3;5
309;EC1169_TP;370;93;3;6
309;EC1169_TP;370;93;3;7
309;EC1169_TP;370;93;3;8
309;EC1169_TP;370;93;3;9
294,331;G1019_OT;268;58;0;5
294,331;G1019_OT;268;58;0;6
294,331;G1019_OT;268;58;0;7
294,331;G1019_TP;268;60;4;5
294,331;G1019_TP;268;60;4;6
294,331;G1019_TP;268;60;4;7
328;G1184_OT;358;56;0;18
328;G1184_OT;358;56;0;19
328;G1184_TP;358;56;0;20
328;G1184_TP;358;56;0;21
328;G1184_TP;358;56;1;15
328;G1184_TP;358;56;1;16
328;G1184_TP;358;56;1;17
328;G1184_TP;358;56;1;18
327;G1179_TP;363;59;0;14
327;G1179_TP;363;59;0;15
327;G1179_TP;363;59;0;16
327;G1179_TP;363;59;0;17
295;G1093_OT;345;55;2;11
295;G1093_OT;345;55;2;12
295;G1093_OT;345;55;2;13
295;G1093_OT;345;55;2;14
295;G1093_TP;345;53;4;5
295;G1093_TP;345;53;4;6
295;G1093_TP;345;53;4;7
295;G1093_TP;345;53;4;8
317,*39;CA1052_OT;669;57;3;6
317,*39;CA1052_OT;669;57;3;7
317,*39;CA1052_OT;669;57;3;8
317,*39;CA1052_OT;669;57;3;9
317,*39;CA1052_TP;669;59;0;6
317,*39;CA1052_TP;669;59;0;7
317,*39;CA1052_TP;669;59;0;8
317,*39;CA1052_TP;669;59;0;9
317,*39;CA1052_TP;669;59;4;5
317,*39;CA1052_TP;669;59;4;6
317,*39;CA1052_TP;669;59;4;7
317,*39;CA1052_TP;669;59;4;8
296,*40;CA1011_OT;345;54;2;19
296,*40;CA1011_OT;345;54;2;20
296,*40;CA1011_TP;345;54;2;15
296,*40;CA1011_TP;345;54;2;16
296,*40;CA1011_TP;345;54;2;17
296,*40;CA1011_TP;345;54;2;18
*39,*40;*2383;253;85;1;11
*39,*40;*2383;253;85;1;12
*39,*40;*2383;253;85;1;13
*39,*40;*2383;253;85;1;14
*39,*40;*2383;253;57;2;11
*39,*40;*2383;253;57;2;12
*39,*40;*2383;253;57;2;13
*39,*40;*2383;253;57;2;14
331;M1045_OT;372;52;1;1
331;M1045_OT;372;52;1;2
331;M1045_OT;372;52;1;3
331;M1045_OT;372;52;1;4
331;M1045_TP;372;54;3;6
331;M1045_TP;372;54;3;7
331;M1045_TP;372;54;3;8
331;M1045_TP;372;54;3;9
294;CA1001_TP;669;56;3;2
294;CA1001_TP;669;56;3;3
294;CA1001_TP;669;56;3;4
294;CA1001_TP;669;56;3;5
294;CA1001_TP;669;56;2;11
294;CA1001_TP;669;56;2;12
294;CA1001_TP;669;56;2;13
294;CA1001_TP;669;56;2;14
294;CA1001_OT;669;60;4;1
294;CA1001_OT;669;60;4;2
294;CA1001_OT;669;60;4;3
294;CA1001_OT;669;60;4;4
310;EC1183_TP;92;94;2;11
310;EC1183_TP;92;94;2;12
310;EC1183_TP;92;94;2;13
310;EC1183_TP;92;94;2;14
310;EC1183_TP;92;94;2;15
310;EC1183_TP;92;94;2;16
308;UET1105_OT;548;61;2;1
308;UET1105_OT;548;61;1;1
303;UINF1063_OT;404;67;4;16
303;UINF1063_OT;404;67;4;17
303;UINF1063_TP;404;67;4;12
303;UINF1063_TP;404;67;4;13
303;UINF1063_TP;404;67;4;14
303;UINF1063_TP;404;67;4;15
311;INF1063_L;404;62;4;12
311;INF1063_L;404;62;4;13
311;INF1063_L;404;62;4;14
311;INF1063_L;404;62;4;15
311;INF1063_OT;404;62;4;18
311;INF1063_OT;404;62;4;19
311;INF1063_TP;404;62;4;16
311;INF1063_TP;404;62;4;17
268;INF1052_OT;317;73;0;2
268;INF1052_OT;317;73;0;3
268;INF1052_OT;317;73;0;4
268;INF1052_OT;317;73;0;5
267;INF1052_OT;317;73;0;6
267;INF1052_OT;317;73;0;7
267;INF1052_OT;317;73;0;8
267;INF1052_OT;317;73;0;9
455;UINF1046_TP;2;71;4;2
455;UINF1046_TP;2;71;4;3
455;UINF1046_TP;2;71;4;4
455;UINF1046_TP;2;71;4;5
455;UINF1046_TP;2;71;4;6
455;UINF1046_TP;2;71;4;7
455;UINF1046_TP;2;71;4;10
455;UINF1046_TP;2;71;4;11
455;UINF1046_TP;2;71;4;12
455;UINF1046_TP;2;71;4;13
455;UINF1046_TP;2;71;4;14
455;UINF1046_TP;2;71;4;15
455;UINF1047_TP;2;68;0;6
455;UINF1047_TP;2;68;0;7
455;UINF1047_TP;2;68;0;8
455;UINF1047_TP;2;68;0;9
455;UINF1047_TP;2;68;0;2
455;UINF1047_TP;2;68;0;3
455;UINF1047_TP;2;68;0;4
455;UINF1047_TP;2;68;0;5
455;UINF1047_TP;2;68;0;12
455;UINF1047_TP;2;68;0;13
455;UINF1047_TP;2;68;0;14
455;UINF1047_TP;2;68;0;15
435;UINF1021_TP;2;;4;10
435;UINF1021_TP;2;;4;11
435;UINF1021_TP;2;;4;12
435;UINF1021_TP;2;;4;13
435;UINF1021_TP;2;;4;14
435;UINF1021_TP;2;;4;15
435;UINF1021_TP;2;;4;2
435;UINF1021_TP;2;;4;3
435;UINF1021_TP;2;;4;4
435;UINF1021_TP;2;;4;5
435;UINF1021_TP;2;;4;6
435;UINF1021_TP;2;;4;7
316,*39;UGE1021_OT;345;54;3;2
316,*39;UGE1021_OT;345;54;3;3
316,*39;UGE1021_OT;345;54;3;4
316,*39;UGE1021_OT;345;54;3;5
316,*39;UGE1021_TP;345;60;0;16
316,*39;UGE1021_TP;345;60;0;17
316,*39;UGE1021_TP;345;60;0;18
316,*39;UGE1021_TP;345;60;0;19
296;UGE1037_OT;456;54;1;17
296;UGE1037_OT;456;54;1;18
296;UGE1037_TP;456;54;1;15
296;UGE1037_TP;456;54;1;16
296;UGE1037_TP;456;54;2;11
296;UGE1037_TP;456;54;2;12
296;UGE1037_TP;456;54;2;13
296;UGE1037_TP;456;54;2;14
295;UGE1044_OT;303;59;3;6
295;UGE1044_OT;303;59;3;7
295;UGE1044_OT;303;59;3;8
295;UGE1044_OT;303;59;3;9
295;UGE1044_TP;303;57;0;12
295;UGE1044_TP;303;57;0;13
295;UGE1044_TP;303;57;0;14
295;UGE1044_TP;303;57;0;15
316;CA1058_OT;559;57;3;12
316;CA1058_OT;559;57;3;13
316;CA1058_OT;559;57;3;14
316;CA1058_OT;559;57;3;15
316;CA1058_TP;559;58;1;1
316;CA1058_TP;559;58;1;2
316;CA1058_TP;559;58;1;3
316;CA1058_TP;559;58;1;4
317,*39;CSH1045_OT;358;59;0;2
317,*39;CSH1045_OT;358;59;0;3
317,*39;CSH1045_OT;358;59;0;4
317,*39;CSH1045_OT;358;59;0;5
317,*39;CSH1045_TP;358;59;3;12
317,*39;CSH1045_TP;358;59;3;13
317,*39;CSH1045_TP;358;59;3;14
317,*39;CSH1045_TP;358;59;3;15
294,*40;C1045_OT;376;58;1;15
294,*40;C1045_OT;376;58;1;16
294,*40;C1045_OT;376;58;1;17
294,*40;C1045_OT;376;58;1;18
294,*40;C1045_TP;376;54;0;1
294,*40;C1045_TP;376;54;0;2
294,*40;C1045_TP;376;54;0;3
294,*40;C1045_TP;376;54;0;4
331;G1067_TP;386;56;0;12
331;G1067_TP;386;56;0;13
331;G1067_TP;386;56;0;14
331;G1067_TP;386;56;0;15
316,*39;CSH1006_OT;358;57;2;5
316,*39;CSH1006_OT;358;57;2;6
316,*39;CSH1006_OT;358;57;2;7
316,*39;CSH1006_OT;358;57;2;8
316,*39;CSH1006_TP;358;88;0;12
316,*39;CSH1006_TP;358;88;0;13
316,*39;CSH1006_TP;358;88;0;14
316,*39;CSH1006_TP;358;88;0;15
331;G1067_OT;386;58;2;11
331;G1067_OT;386;58;2;12
331;G1067_OT;386;58;2;13
331;G1067_OT;386;58;2;14
331;G1067_OT;386;58;2;15
331;G1067_OT;386;56;0;11
332;G1003_OT;268;58;0;15
332;G1003_OT;268;58;0;16
332;G1003_TP;268;55;3;2
332;G1003_TP;268;55;3;3
332;G1003_TP;268;55;3;4
332;G1003_TP;268;55;3;5
332;G1003_TP;268;58;0;17
332;G1003_TP;268;58;0;18
333;G1138_OT;383;55;0;11
333;G1138_OT;383;55;0;12
333;G1138_OT;383;55;0;13
333;G1138_OT;383;55;0;14
333;G1138_P;383;57;1;13
333;G1138_P;383;57;1;14
333;G1138_TP;376;60;2;1
333;G1138_TP;376;60;2;2
333;G1138_TP;376;60;2;3
333;G1138_TP;376;60;2;4
333;G1138_TP;376;57;1;11
333;G1138_TP;376;57;1;12
333;G1090_P;104;57;3;1
333;G1090_P;104;57;4;5
332;M1070_OT;704;66;1;18
332;M1070_OT;704;66;1;19
332;M1070_OT;704;66;1;20
332;M1070_OT;704;66;1;21
332;M1070_P;704;66;2;15
332;M1070_P;704;66;2;16
332;M1070_P;704;66;2;17
332;M1070_P;704;66;2;18
294;INF1070_P;681;69;3;12
294;INF1070_P;681;69;3;13
294;INF1070_P;681;69;3;14
294;INF1070_P;681;69;3;15
294;INF1070_OT;681;69;0;10
294;INF1070_OT;681;69;0;11
294;INF1070_OT;681;69;0;12
294;INF1070_OT;681;69;0;13
303;UET1130_OT;95;79;1;12
303;UET1130_OT;95;78;3;7
327;G1179_TP;363;56;4;5
327;G1179_TP;363;56;4;6
327;G1179_OT;363;56;4;7
327;G1179_OT;363;56;4;8
332;G1008_OT;488;58;0;11
332;G1008_OT;488;58;0;12
332;G1008_OT;488;58;0;13
332;G1008_OT;488;58;0;14
332;G1008_TP;488;87;3;6
332;G1008_TP;488;87;3;7
332;G1008_TP;488;87;3;8
332;G1008_TP;488;87;3;9
316;G1172_OT;674;90;4;5
316;G1172_OT;674;90;4;6
316;G1172_OT;674;90;4;7
316;G1172_OT;674;90;4;8
451;UET1085_TP;426;80;2;10
451;UET1085_TP;426;80;2;11
451;UET1085_TP;426;80;2;12
451;UET1085_TP;426;80;2;13
451;UET1085_TP;426;80;2;14
451;UET1085_TP;426;80;2;15
451;UET1083_TP;257;82;4;2
451;UET1083_TP;257;82;4;3
451;UET1083_TP;257;82;4;4
451;UET1083_TP;257;82;4;5
451;UET1083_TP;257;82;4;6
451;UET1083_TP;257;82;4;7
435;UINF1022_TP;415;69;1;10
435;UINF1022_TP;415;69;1;11
435;UINF1022_TP;415;69;1;12
435;UINF1022_TP;415;69;1;13
435;UINF1022_TP;415;69;1;14
435;UINF1022_TP;415;69;1;15
455,435;UINF1049_TP;823;71;2;12
455,435;UINF1049_TP;823;71;2;13
455,435;UINF1049_TP;823;71;2;14
455,435;UINF1049_TP;823;71;2;15
455,435;UINF1049_TP;823;71;2;16
455,435;UINF1049_TP;823;71;2;17
435;UINF1031_TP;805;71;0;0
435;UINF1031_TP;805;71;0;1
435;UINF1031_TP;805;71;0;2
435;UINF1031_TP;805;71;0;3
435;UINF1031_TP;805;71;0;4
435;UINF1031_TP;805;71;0;5
435;UINF1035_TP;317;70;1;2
435;UINF1035_TP;317;70;1;3
435;UINF1035_TP;317;70;1;4
435;UINF1035_TP;317;70;1;5
435;UINF1035_TP;317;70;1;6
435;UINF1035_TP;317;70;1;7
435;UINF1018_TP;491;67;2;4
435;UINF1018_TP;491;67;2;5
435;UINF1018_TP;491;67;2;6
435;UINF1018_TP;491;67;2;7
435;UINF1018_TP;491;67;2;8
435;UINF1018_TP;491;67;2;9
435;UINF1048_TP;404;;3;1
435;UINF1048_TP;404;;3;2
435;UINF1048_TP;404;;3;3
435;UINF1048_TP;404;;3;4
435;UINF1048_TP;404;;3;5
435;UINF1048_TP;404;;3;6
455;UINF1048_TP;404;70;3;1
455;UINF1048_TP;404;70;3;2
455;UINF1048_TP;404;70;3;3
455;UINF1048_TP;404;70;3;4
455;UINF1048_TP;404;70;3;5
455;UINF1048_TP;404;70;3;6
443;UGE1089_TP;363;81;0;6
443;UGE1089_TP;363;81;0;7
443;UGE1089_TP;363;81;0;8
443;UGE1089_TP;363;81;0;9
443;UGE1089_TP;363;80;4;1
443;UGE1089_TP;363;80;4;2
443;UGE1089_TP;363;80;4;3
443;UGE1089_TP;363;80;4;4
443;UINF1011_TP;466;62;1;5
443;UINF1011_TP;466;62;1;6
443;UINF1011_TP;466;62;1;7
443;UINF1011_TP;466;62;1;8
443;UINF1011_TP;466;62;2;5
443;UINF1011_TP;466;62;2;6
443;UINF1011_TP;466;62;2;7
443;UINF1011_TP;466;62;2;8
310;EC1174_TP;501;93;0;10
310;EC1174_TP;501;93;0;11
310;EC1174_TP;501;93;0;12
310;EC1174_TP;501;93;0;13
313;EC1152_P;501;92;1;16
313;EC1152_P;501;92;1;17
313;EC1152_P;501;92;1;18
313;EC1152_P;501;92;1;19
313;EC1152_TP;501;92;2;16
313;EC1152_TP;501;92;2;17
313;EC1152_TP;501;92;2;18
313;EC1152_TP;501;92;2;19
267;MF1008_TP;244;89;0;2
267;MF1008_TP;244;89;0;3
267;MF1008_TP;244;89;0;4
267;MF1008_TP;244;89;0;5
267;MF1008_P;244;81;2;12
267;MF1008_P;244;81;2;13
267;MF1008_P;244;81;2;14
267;MF1008_P;244;81;2;15
267;MF1008_OT;244;81;2;16
267;MF1008_OT;244;81;2;17
268;MF1008_TP;244;89;0;12
268;MF1008_TP;244;89;0;13
268;MF1008_TP;244;89;0;14
268;MF1008_TP;244;89;0;15
268;MF1008_P;244;60;3;12
268;MF1008_P;244;60;3;13
268;MF1008_P;244;60;3;14
268;MF1008_P;244;60;3;15
268;MF1008_OT;244;60;3;16
268;MF1008_OT;244;60;3;17
302;UET1004_OT;1103;126;2;5
302;UET1004_OT;1103;126;2;6
302;UET1004_OT;1103;126;2;7
302;UET1004_OT;1103;126;2;8
302;UET1004_TP;1103;126;2;1
302;UET1004_TP;1103;126;2;2
302;UET1004_TP;1103;126;2;3
302;UET1004_TP;1103;126;2;4
300;UET1027_OT;1103;77;1;11
300;UET1027_OT;1103;77;1;12
300;UET1027_OT;1103;77;1;13
300;UET1027_OT;1103;77;1;14
300;UET1027_TP;1103;77;1;15
300;UET1027_TP;1103;77;1;16
300;UET1027_TP;1103;77;1;17
300;UET1027_TP;1103;77;1;18
300;UET1029_OT;463;77;3;5
300;UET1029_OT;463;77;3;6
301;UET1015_TP;463;75;3;12
301;UET1015_TP;463;75;3;13
301;UET1015_TP;463;75;3;14
301;UET1015_TP;463;75;3;15
301;UET1015_OT;463;75;4;1
301;UET1015_OT;463;75;4;2
301;UET1015_OT;463;75;4;3
301;UET1015_OT;463;75;4;4
295;CA1032_OT;674;85;1;1
295;CA1032_OT;674;85;1;2
295;CA1032_OT;674;85;1;3
295;CA1032_OT;674;85;1;4
295;CA1032_TP;674;59;3;2
295;CA1032_TP;674;59;3;3
295;CA1032_TP;674;59;3;4
295;CA1032_TP;674;59;3;5
295;CA1032_TP;674;88;2;1
295;CA1032_TP;674;88;2;2
295;CA1032_TP;674;88;2;3
295;CA1032_TP;674;88;2;4
301;UET1020_OT;839;80;1;1
301;UET1020_OT;839;80;1;2
301;UET1020_OT;839;80;1;3
301;UET1020_OT;839;80;1;4
301;UET1020_TP;839;80;3;16
301;UET1020_TP;839;80;3;17
301;UET1020_TP;839;80;3;18
301;UET1020_TP;839;80;3;19
301;UET1020_TP;839;80;3;20
301;UET1020_TP;839;80;3;21
302;UET1007_OT;839;81;0;12
302;UET1007_OT;839;81;0;13
302;UET1007_TP;839;81;0;14
302;UET1007_TP;839;81;0;15
302;UET1007_TP;839;81;0;16
302;UET1007_TP;839;81;0;17
317;G1167_OT;268;59;4;2
317;G1167_OT;268;59;4;3
317;G1167_OT;268;59;4;4
268;UINF1066_OT;389;51;0;6
268;UINF1066_OT;389;51;0;7
268;UINF1066_OT;389;51;0;8
268;UINF1066_OT;389;51;0;9
267;UINF1066_OT;389;51;0;12
267;UINF1066_OT;389;51;0;13
267;UINF1066_OT;389;51;0;14
267;UINF1066_OT;389;51;0;15
268;UINF1066_TP;389;51;1;1
268;UINF1066_TP;389;51;1;2
268;UINF1066_TP;389;51;1;3
268;UINF1066_TP;389;51;1;4
267;UINF1066_TP;389;51;1;5
267;UINF1066_TP;389;51;1;6
267;UINF1066_TP;389;51;1;7
267;UINF1066_TP;389;51;1;8
268;UINF1066_P;389;51;3;2
268;UINF1066_P;389;51;3;3
268;UINF1066_P;389;51;3;4
268;UINF1066_P;389;51;3;5
267;UINF1066_P;389;51;3;6
267;UINF1066_P;389;51;3;7
267;UINF1066_P;389;51;3;8
267;UINF1066_P;389;51;3;9
271,272;INF1020_T;457;51;0;0
271,272;INF1020_T;457;51;0;1
271,272;INF1020_OT;457;51;0;2
271,272;INF1020_OT;457;51;0;3
434,430;UINF1020_TP;389;51;2;3
434,430;UINF1020_TP;389;51;2;4
434,430;UINF1020_TP;389;51;2;5
434,430;UINF1020_TP;389;51;2;6
434,430;UINF1020_TP;389;51;3;11
434,430;UINF1020_TP;389;51;3;12
434,430;UINF1020_TP;389;51;3;13
434,430;UINF1020_TP;389;51;3;14
434,430;UINF1020_TP;389;51;3;15
434,430;UINF1020_TP;389;51;3;16
434;UINF1019_TP;514;73;3;4
434;UINF1019_TP;514;73;3;5
434;UINF1019_TP;514;73;3;6
434;UINF1019_TP;514;72;0;7
434;UINF1019_TP;514;72;0;8
434;UINF1019_TP;514;72;0;9
430;ULC1111_TP;635;94;0;7
430;ULC1111_TP;635;94;0;8
430;ULC1111_TP;635;94;0;9
430;ULC1111_TP;635;94;2;0
430;ULC1111_TP;635;94;2;1
430;ULC1111_TP;635;94;2;2
442;UGE1092_TP;372;52;2;2
442;UGE1092_TP;372;52;2;3
442;UGE1092_TP;372;52;2;4
442;UGE1092_TP;372;52;2;5
442;UGE1088_TP;511;80;0;10
442;UGE1088_TP;511;80;0;11
442;UGE1088_TP;511;80;0;12
442;UGE1088_TP;511;60;1;5
442;UGE1088_TP;511;60;1;6
442;UGE1088_TP;511;60;1;7
442;UGE1101_TP;559;55;1;11
442;UGE1101_TP;559;55;1;12
442;UGE1101_TP;559;55;1;13
442;UGE1101_TP;559;55;1;14
442;UGE1101_TP;559;55;2;6
442;UGE1101_TP;559;55;2;7
442;UGE1101_TP;559;55;2;8
442;UGE1101_TP;559;55;2;9
269,270;INF1058_S;514;56;3;12
269,270;INF1058_S;514;56;3;13
269,270;INF1058_S;514;56;3;14
269,270;INF1058_S;514;56;3;15
440;ULC1157_TP;739;78;5;12
440;ULC1157_TP;739;78;5;13
440;ULC1157_TP;739;78;5;14
440;ULC1157_TP;739;78;5;15
440;ULC1157_TP;739;78;4;19
440;ULC1157_TP;739;78;4;20
440;ULC1157_TP;739;78;4;21
440;ULC1157_TP;739;78;4;22
442;ulc1111-1_TP;305;86;4;4
442;ulc1111-1_TP;305;86;4;5
442;ulc1111-1_TP;305;86;4;6
442;ulc1111-1_TP;305;86;4;7
442;ulc1111-1_TP;305;86;4;8
442;ulc1111-1_TP;305;86;4;9
442;ulc1112-2_TP;304;86;4;1
442;ulc1112-2_TP;304;86;4;2
442;ulc1112-2_TP;304;86;4;3
442;ulc1112-2_TP;304;60;1;2
442;ulc1112-2_TP;304;60;1;3
442;ulc1112-2_TP;304;60;1;4
430;UINF1008_TP;382;65;0;3
430;UINF1008_TP;382;65;0;4
430;UINF1008_TP;382;65;0;5
430;UINF1008_TP;382;65;0;6
430;UINF1008_TP;382;65;1;0
430;UINF1008_TP;382;65;1;1
430;UINF1008_TP;382;65;1;2
430;UINF1008_TP;382;65;1;3
271,272;INF1020_TP;457;51;0;4
271,272;INF1020_TP;457;51;0;5
430;UINF1051_TP;415;69;3;2
430;UINF1051_TP;415;69;3;3
430;UINF1051_TP;415;69;3;4
430;UINF1051_TP;415;69;3;5
430;UINF1051_TP;415;69;3;6
430;UINF1051_TP;415;69;3;7
434;ULC1111_TP;635;94;2;7
434;ULC1111_TP;635;94;2;8
434;ULC1111_TP;635;94;2;9
434;ULC1111_TP;635;94;0;4
434;ULC1111_TP;635;94;0;5
434;ULC1111_TP;635;94;0;6
440;UCEE1009_TP;252;78;4;23
440;UCEE1009_TP;252;78;4;24
440;UCEE1009_TP;252;78;4;25
440;UCEE1009_TP;252;78;4;26
440;UCEE1009_TP;252;78;4;27
440;ulc1111-1_TP;305;78;5;16
440;ulc1111-1_TP;305;78;5;17
440;ulc1111-1_TP;305;78;5;18
440;ulc1111-1_TP;305;78;5;19
440;ulc1111-1_TP;305;78;5;20
440;ulc1112-1_TP;678;78;5;5
440;ulc1112-1_TP;678;78;5;6
440;ulc1112-1_TP;678;78;5;7
440;ulc1112-1_TP;678;78;5;8
440;ulc1112-1_TP;678;78;5;9
440;ULC1155_TP;739;78;5;0
440;ULC1155_TP;739;78;5;1
440;ULC1155_TP;739;78;5;2
440;ULC1155_TP;739;78;5;3
440;ULC1155_TP;739;78;5;4
440;ULC1160_TP;304;78;3;23
440;ULC1160_TP;304;78;3;24
440;ULC1160_TP;304;78;3;25
440;ULC1160_TP;304;78;3;26
440;ULC1160_TP;304;78;3;27
442;UGE1103_TP;405;89;3;6
442;UGE1103_TP;405;89;3;7
442;UGE1103_TP;405;89;3;8
442;UGE1103_TP;405;89;3;3
442;UGE1103_TP;405;89;3;4
442;UGE1103_TP;405;89;3;5
267;INF1052_TP;278;81;1;12
267;INF1052_TP;278;81;1;13
267;INF1052_TP;278;81;1;14
267;INF1052_TP;278;81;1;15
267;INF1052_TP;278;81;1;16
267;INF1052_TP;278;81;1;17
268;INF1052_TP;278;82;2;12
268;INF1052_TP;278;82;2;13
268;INF1052_TP;278;82;2;14
268;INF1052_TP;278;82;2;15
268;INF1052_TP;278;82;2;16
268;INF1052_TP;278;82;2;17
270;INF1017_TP;256;64,90;2;13
270;INF1017_TP;256;64,90;2;14
270;INF1017_TP;256;64,90;2;15
270;INF1017_TP;256;64,90;2;16
269;INF1017_TP;256;64,90;2;17
269;INF1017_TP;256;64,90;2;18
269;INF1017_OT;256;64,90;2;19
269;INF1017_OT;256;64,90;2;20
300;UET1029_TP;463;77;3;7
300;UET1029_TP;463;77;3;8
300;UET1029_T;463;77;4;5
300;UET1029_T;463;77;4;6
300;UET1029_T;463;77;4;7
300;UET1029_T;463;77;4;8
434;UINF1056_TP;805;71;3;0
434;UINF1056_TP;805;71;3;1
434;UINF1056_TP;805;71;3;2
434;UINF1056_TP;805;71;3;3
434;UINF1056_TP;805;71;1;0
434;UINF1056_TP;805;71;1;1
434;UINF1056_TP;805;71;1;2
434;UINF1056_TP;805;71;1;3
434,430;ULC1112_TP;772;90;1;4
434,430;ULC1112_TP;772;90;1;5
434,430;ULC1112_TP;772;90;1;6
434,430;ULC1112_TP;772;84;4;5
434,430;ULC1112_TP;772;84;4;6
434,430;ULC1112_TP;772;84;4;7
295,318,*39,*40;CSH1015_OT;1126;85;1;5
295,318,*39,*40;CSH1015_OT;1126;85;1;6
295,318,*39,*40;CSH1015_TP;1126;85;1;7
295,318,*39,*40;CSH1015_TP;1126;85;1;8
295,318,*39,*40;CSH1015_TP;1126;89;4;1
295,318,*39,*40;CSH1015_TP;1126;89;4;2
295,318,*39,*40;CSH1015_TP;1126;89;4;3
295,318,*39,*40;CSH1015_TP;1126;89;4;4
295,*40;UGE1042_OT;1126;87;0;6
295,*40;UGE1042_OT;1126;87;0;7
295,*40;UGE1042_TP;1126;88;2;5
295,*40;UGE1042_TP;1126;88;2;6
295,*40;UGE1042_TP;1126;88;2;7
295,*40;UGE1042_TP;1126;88;2;8
295,*40;UGE1042_TP;1126;87;0;8
295,*40;UGE1042_TP;1126;87;0;9
270;INF1007_TP;256;64;2;1
270;INF1007_TP;256;64;2;2
270;INF1007_TP;256;64;2;3
270;INF1007_TP;256;64;2;4
270;INF1007_TP;256;64;0;3
270;INF1007_TP;256;64;0;4
270;INF1007_TP;256;64;0;5
270;INF1007_TP;256;64;0;6
270;INF1007_TP;256;64;3;3
270;INF1007_TP;256;64;3;4
270;INF1007_TP;256;64;3;5
270;INF1007_TP;256;64;3;6
269;INF1007_TP;256;64,85;3;16
269;INF1007_TP;256;64,85;3;17
269;INF1007_TP;256;64,85;3;18
269;INF1007_TP;256;64,85;3;19
296,*40;UGE1040_OT;875;54;0;18
296,*40;UGE1040_OT;875;54;0;19
296,*40;UGE1040_OT;875;54;0;20
296,*40;UGE1040_OT;875;54;0;21
296,*40;UGE1040_TP;875;54;0;22
296,*40;UGE1040_TP;875;54;1;19
296,*40;UGE1040_TP;875;54;1;20
296,*40;UGE1040_TP;875;54;1;21
296,*40;UGE1040_TP;875;54;1;22
296,*40;UGE1040_TP;875;54;1;23
440;UENF1009_TP;99995;78;3;19
440;UENF1009_TP;99995;78;3;20
440;UENF1009_TP;99995;78;3;21
440;UENF1009_TP;99995;78;3;22
455;UCEE1016_TP;563;85;3;10
455;UCEE1016_TP;563;85;3;11
455;UCEE1016_TP;563;85;3;12
455;UCEE1016_TP;563;85;3;13
455;UCEE1016_TP;563;85;3;14
455;UCEE1016_TP;563;85;3;15
296,*40;UGE1038_TP;274;61;3;10
296,*40;UGE1038_TP;274;61;3;11
296,*40;UGE1038_TP;274;61;3;12
296,*40;UGE1038_TP;274;61;3;13
296,*40;UGE1038_TP;274;61;3;14
296,*40;UGE1038_OT;274;61;4;5
296,*40;UGE1038_OT;274;61;4;6
296,*40;UGE1038_OT;274;61;4;7
296,*40;UGE1038_OT;274;61;4;8
296,*40;UGE1038_TP;274;61;4;9
326;CA1060_TP;274;89;2;1
326;CA1060_TP;274;89;2;2
326;CA1060_TP;274;89;2;3
326;CA1060_TP;274;89;2;4
326;CA1060_TP;274;61;4;1
326;CA1060_TP;274;61;4;2
326;CA1060_TP;274;61;4;3
326;CA1060_TP;274;61;4;4
326;CA1060_OT;274;61;3;2
326;CA1060_OT;274;61;3;3
326;CA1060_OT;274;61;3;4
326;CA1060_OT;274;61;3;5
310;EC1182_TP;92;78;4;3
310;EC1182_TP;92;78;4;4
310;EC1182_TP;92;78;4;5
331;CA1048_TP;274;;4;1
331;CA1048_TP;274;;4;2
331;CA1048_TP;274;;4;3
331;CA1048_TP;274;;4;4
331;CA1048_TP;274;;2;1
331;CA1048_TP;274;;2;2
331;CA1048_TP;274;;2;3
331;CA1048_TP;274;;2;4
455;UINF1050_TP;1107;68;2;1
455;UINF1050_TP;1107;68;2;2
455;UINF1050_TP;1107;68;2;3
455;UINF1050_TP;1107;68;2;4
455;UINF1050_TP;1107;68;2;5
455;UINF1050_TP;1107;68;2;6
455;UINF1050_TP;1107;68;1;11
455;UINF1050_TP;1107;68;1;12
455;UINF1050_TP;1107;68;1;13
455;UINF1050_TP;1107;68;1;14
455;UINF1050_TP;1107;68;1;15
455;UINF1050_TP;1107;68;1;16
309;EC1168_OT;290;81;4;8
309;EC1168_TP;290;81;4;6
309;EC1168_TP;290;81;4;7
309;EC1168_L;290;81;4;9
303;UET1128_L;375;133;1;2
303;UET1128_L;375;133;1;3
303;UET1128_L;375;133;1;4
303;UET1128_L;375;133;1;5
303;UET1127_OT;375;133;1;17
303;UET1127_OT;375;133;1;18
303;UET1127_T;375;133;1;19
303;UET1127_T;375;133;2;3
303;UET1127_T;375;133;2;4
303;UET1127_T;375;133;2;5
303;UET1128_T;375;133;3;1
303;UET1128_T;375;133;3;2
303;UET1128_TP;375;133;3;3
303;UET1128_TP;375;133;3;4
434,430;UINF1024_TP;1128;84;4;1
434,430;UINF1024_TP;1128;84;4;2
434,430;UINF1024_TP;1128;84;4;3
434,430;UINF1024_TP;1128;84;4;4
434,430;UINF1024_TP;1128;83;1;10
434,430;UINF1024_TP;1128;83;1;11
434,430;UINF1024_TP;1128;83;1;12
434,430;UINF1024_TP;1128;83;1;13
442;UINF1010_TP;1128;67;0;13
442;UINF1010_TP;1128;67;0;14
442;UINF1010_TP;1128;67;0;15
442;UINF1010_TP;1128;67;0;16
