classids;subjectid;periodsperweek;teacherids
331;CA1048_OT;4.0;274
300;UET1026_TP;2.0;478
300;UET1026_TP;4.0;478
300;UET1026_OT;2.0;478
300;UET1028_OT;2.0;323
300;UET1028_TP;4.0;323
300;UET1028_TP;2.0;323
300;UET1030_OT;2.0;323
300;UET1030_TP;2.0;323
300;UET1030_TP;4.0;323
294;MF1003_OT;4.0;258
294;MF1003_TP;8.0;258
317,294,331;ULC1147_OT;4.0;253
317,294,331;ULC1147_P;4.0;253
317,331,294;ULC1150_OT;4.0;739
317,294,331;ULC1150_P;4.0;739
295;G1035_OT;4.0;488
295;G1035_TP;6.0;488
296;CA1020_OT;4.0;405
296;CA1020_TP;6.0;405
296;CA1050_OT;4.0;303
296;CA1050_TP;6.0;303
301;UET1013_OT;2.0;426
301;UET1013_TP;4.0;426
301;UET1016_P;4.0;426
301;UET1016_OT;2.0;426
301;UET1016_TP;2.0;426
301;UET1017_OT;2.0;216
301;UET1017_P;2.0;216
301;UET1017_TP;2.0;216
301;UET1018_OT;2.0;447
301;UET1018_T;2.0;447
301;UET1018_TP;4.0;447
302;UET1002_OT;2.0;447
302;UET1002_P;4.0;447
302;UET1002_TP;2.0;447
302;UET1005_OT;2.0;447
302;UET1005_P;4.0;447
302;UET1005_TP;2.0;447
302;UET1006_P;4.0;463
302;UET1006_TP;2.0;463
302;UET1008_P;2.0;127
302;UET1008_TP;3.0;127
302;UET1008_TP;1.0;127
303;EA1007_OT;2.0;258
303;EA1007_T;2.0;258
303;EA1007_TP;8.0;258
303;UET1130_L;2.0;95
303;UET1130_T;2.0;95
303;UET1130_TP;4.0;95
303;ET1022_TP;4.0;195
303;EA1022_T;2.0;195
303;ET1022_TP;4.0;195
304;EC1116_T;2.0;92
304;EC1116_TC;1.0;92
304;EC1116_TP;4.0;92
304;EC1120_L;2.0;200
304;EC1120_T;4.0;200
304;EC1120_TP;2.0;200
304;EM1029_OT;2.0;296
304;EM1029_T;2.0;296
304;EM1029_TP;2.0;296
304;UET1123_L;2.0;216
304;UET1123_T;2.0;216
304;UET1123_TP;4.0;216
304;UET1124_L;2.0;257
304;UET1124_T;2.0;257
304;UET1124_TP;4.0;257
304;UET1125_OT;2.0;693
304;UET1125_T;4.0;693
304;UET1125_TP;2.0;693
305;EC1131_L;4.0;204
305;EC1131_T;4.0;200
305;EC1195_OT;2.0;693
305;EC1195_T;2.0;693
305;EC1195_TP;6.0;693
305;UET1115_OT;2.0;296
305;UET1115_T;4.0;296
305;UET1115_TP;4.0;296
305;UET1116_P;2.0;127
305;UET1116_T;2.0;127
305;UET1116_TP;4.0;127
305;UET1117_T;2.0;257
305;UET1117_TP;4.0;257
305;UET1114_OT;2.0;465
305;UET1114_P;4.0;465
305;UET1114_T;2.0;465
305;UET1114_TP;2.0;465
308;EC1163_OT;2.0;427
308;EC1163_TP;4.0;427
308;MF1014_OT;4.0;258
308;MF1014_T;2.0;258
308;MF1014_TP;4.0;258
308;UCEE1019_OT;2.0;87
308;UCEE1019_T;2.0;87
308;UCEE1019_TP;4.0;87
308;UET1105_T;4.0;548
308;UET1105_TP;4.0;548
309;EC1168_TP;4.0;290
309;EC1169_L;1.0;370
309;EC1169_OT;1.0;370
309;EC1169_T;2.0;370
309;EC1170_L;2.0;204
309;EC1170_OT;1.0;204
309;EC1170_T;2.0;204
309;EC1170_TC;1.0;204
309;EC1170_TP;4.0;204
309;UET1101_OT;2.0;548
309;UET1101_T;4.0;548
309;UET1101_TP;4.0;548
309;UET1102_OT;1.0;290
309;UET1102_T;5.0;290
310;EC1174_P;1.0;501
310;EC1174_OT;1.0;501
310;EC1174_T;2.0;501
310;EC1180_OT;2.0;370
310;EC1180_T;2.0;370
310;EC1180_TP;6.0;370
310;EC1181_P;1.0;548
310;EC1181_TP;3.0;548
310;EC1181_TP;2.0;548
310;EC1182_OT;1.0;92
310;EC1182_T;2.0;92
310;EC1183_L;1.0;92
310;EC1183_OT;2.0;92
310;EC1183_TP;1.0;92
267;MF1007_OT;2.0;301
267;MF1007_T;2.0;301
267;MF1007_TP;8.0;301
267;UCEE1022_OT;2.0;480
267;UCEE1022_TP;8.0;480
268;MF1007_OT;2.0;301
268;MF1007_T;2.0;301
268;MF1007_TP;8.0;301
268;UCEE1022_OT;2.0;480
268;UCEE1022_TP;8.0;480
269;INF1035_OT;2.0;704
269;INF1035_P;4.0;704
269;INF1035_T;2.0;704
269;INF1056_OT;4.0;415
269;INF1056_TP;6.0;415
269;INF1058_OT;2.0;514
269;MF1045_TP;8.0;276
269,270;INF1007_OT;4.0;256
269;INF1017_TP;4.0;256
270;INF1035_OT;2.0;704
270;INF1035_P;4.0;704
270;INF1035_T;2.0;704
270;INF1056_OT;4.0;415
270;INF1056_TP;6.0;415
270;INF1058_OT;2.0;514
270;MF1045_TP;8.0;276
270;INF1017_OT;2.0;256
270;INF1017_TP;2.0;256
271,272;INF1016_OT;2.0;382
271,272;INF1016_P;4.0;382
271,272;INF1016_T;2.0;382
271;UINF1071_OT;4.0;491
271;INF1012_OT;4.0;329
272;INF1012_OT;4.0;329
272;UINF1071_OT;4.0;491
272;INF1060_P;4.0;278
326;CSH1005_OT;2.0;384
326;CSH1005_TP;4.0;384
326;CSH1005_TP;2.0;384
326;CSH1054_OT;2.0;372
326;CSH1054_TP;8.0;372
326;CSH1058_OT;2.0;895
326;CSH1058_TP;2.0;895
326;CSH1058_TP;4.0;895
326;MF1023_OT;4.0;195
326;MF1023_TP;8.0;195
327;CSH1039_OT;1.0;384
327;CSH1057_OT;2.0;373
327;CSH1057_TP;2.0;373
327;CSH1057_TP;4.0;373
327;GRH1048_OT;2.0;562
327;GRH1171_OT;4.0;488
327;GRH1171_TP;4.0;488
327;CSH1039_TP;3.0;384
327;CSH1039_TP;2.0;384
328;G1182_OT;2.0;104
328;G1182_TP;4.0;104
328;G1182_TP;2.0;104
328;G1183_OT;2.0;447
328;G1183_TP;2.0;447
328;G1183_TP;4.0;447
328;G1185_OT;1.0;296
328;G1185_TP;4.0;296
328;G1185_TP;3.0;296
328;G1186_OT;2.0;485
328;G1186_TP;4.0;485
328;G1186_TP;2.0;485
317;G1167_TP;3.0;268
317;INF1111_OT;4.0;514
317;INF1111_P;4.0;514
317;MF1021_OT;4.0;506
317;MF1021_OT;4.0;506
317;MF1021_TP;8.0;506
317;MF1021_TP;8.0;506
318;CA1054_OT;4.0;456
318;CA1054_TP;8.0;456
318;G1168_OT;2.0;485
318;G1168_TP;2.0;485
318;G1168_TP;4.0;485
318;G1169_OT;4.0;383
318;G1169_TP;6.0;383
318;MF1048_OT;4.0;276
318;MF1048_TP;6.0;276
316;G1171_OT;4.0;28
316;G1171_TP;4.0;28
316;G1172_TP;4.0;674
316;UGE1018_OT;4.0;376
316;UGE1018_TP;4.0;376
332;G1055_OT;4.0;471
332;G1055_TP;6.0;471
332;G1133_OT;4.0;383
332;G1133_P;4.0;383
332;G1133_TP;4.0;383
333;G1059_OT;2.0;471
333;G1059_P;2.0;471
333;G1059_TP;4.0;471
333;G1090_OT;4.0;104
333;G1090_TP;4.0;104
333;G1137_OT;4.0;471
333;G1137_TP;4.0;471
333;INF1018_OT;4.0;704
451;UET1081_TP;3.0;426
451;UET1081_TP;3.0;279
451;UET1084_TP;5.0;426
451;UET1084_TP;5.0;279
451;UET1086_TP;8.0;323
451;UET1095_TP;8.0;279
443;UCSC1001_TP;8.0;612
443;UCSC1002_TP;8.0;612
443;UGE1091_TP;8.0;511
308;MF1049_OT;1.0;381
308;MF1049_P;1.0;381
308;MF1049_T;2.0;381
308;MF1049_TP;4.0;381
302;UET1006_OT;2.0;463
308;MF1042_TP;6.0;195
308;MF1042_OT;2.0;195
308;MF1014_TP;2.0;258
308;MF1042_T;2.0;195
310;EC1176_OT;2.0;769
310;EC1176_T;4.0;769
310;EC1176_TP;4.0;769
267;UCEE1022_T;2.0;480
268;UCEE1022_T;2.0;480
271,272;CSH1044_OT;2.0;372
271,272;CSH1044_TP;4.0;372
327;GRH1048_TP;8.0;562
333;INF1018_TP;4.0;704
333;INF1018_TP;2.0;704
271,272;INF1060_T;2.0;278
271,272;INF1060_OT;4.0;278
271;INF1060_P;4.0;278
271,272;INF1012_TP;6.0;329
271;UINF1071_TP;6.0;491
272;UINF1071_TP;6.0;491
311;ET1022_T;2.0;205
311;ET1022_TP;4.0;205
311;ET1022_TP;4.0;205
311;MF1041_T;2.0;505
311;MF1041_TP;2.0;505
311;MF1041_TP;4.0;505
311;UET1148_TP;6.0;433
311;UET1149_P;2.0;432
311;UET1149_TP;3.0;432
311;UET1149_TP;1.0;432
311;EC1138_TP;4.0;200
311;UET1148_P;4.0;433
312;EC1150_P;6.0;464
312;EC1150_TP;4.0;464
312;UET1143_P;4.0;464
312;UET1143_TP;4.0;464
312;UET1144_P;2.0;427
312;UET1144_T;2.0;427
312;UET1144_TP;4.0;427
312;UET1145_P;4.0;433
312;UET1145_TC;4.0;433
312;UET1145_TP;2.0;433
312;UET1146_P;4.0;693
312;UET1146_T;2.0;693
312;UET1146_TP;4.0;693
313;EC1154_P;2.0;465
313;EC1154_T;3.0;465
313;EC1154_TP;5.0;465
313;UET1134_T;2.0;432
313;UET1134_TC;4.0;432
313;UET1134_TP;4.0;432
313;UET1135_P;6.0;432
313;UET1135_TP;3.0;432
313;UET1136_P;3.0;464
313;UET1136_T;2.0;464
313;UET1136_TC;2.0;464
313;UET1136_TP;4.0;464
300;UET1032_OT;2.0;938
300;UET1032_TP;4.0;938
300;UET1032_TP;2.0;938
309;EC1165_OT;2.0;548
309;EC1165_T;4.0;548
309;EC1165_TP;4.0;548
309;EC1169_TP;1.0;370
309;EC1169_TP;5.0;370
294,331;G1019_OT;3.0;268
294,331;G1019_TP;3.0;268
328;G1184_OT;2.0;358
328;G1184_TP;2.0;358
328;G1184_TP;4.0;358
327;G1179_TP;4.0;363
295;G1093_OT;4.0;345
295;G1093_TP;4.0;345
317,*39;CA1052_OT;4.0;669
317,*39;CA1052_TP;8.0;669
296,*40;CA1011_OT;2.0;345
296,*40;CA1011_TP;4.0;345
*39,*40;*2383;8.0;253
331;M1045_OT;4.0;372
331;M1045_TP;4.0;372
294;CA1001_TP;8.0;669
294;CA1001_OT;4.0;669
310;EC1183_TP;6.0;92
308;UET1105_OT;2.0;548
303;UINF1063_OT;2.0;404
303;UINF1063_TP;4.0;404
311;INF1063_L;4.0;404
311;INF1063_OT;2.0;404
311;INF1063_TP;2.0;404
268;INF1052_OT;4.0;317
267;INF1052_OT;4.0;317
455;UINF1046_TP;12.0;2
455;UINF1047_TP;12.0;2
435;UINF1021_TP;12.0;2
316,*39;UGE1021_OT;4.0;345
316,*39;UGE1021_TP;4.0;345
296;UGE1037_OT;2.0;456
296;UGE1037_TP;2.0;456
296;UGE1037_TP;4.0;456
295;UGE1044_OT;4.0;303
295;UGE1044_TP;4.0;303
316;CA1058_OT;4.0;559
316;CA1058_TP;4.0;559
317,*39;CSH1045_OT;4.0;358
317,*39;CSH1045_TP;4.0;358
294,*40;C1045_OT;4.0;376
294,*40;C1045_TP;4.0;376
331;G1067_TP;4.0;386
316,*39;CSH1006_OT;4.0;358
316,*39;CSH1006_TP;4.0;358
331;G1067_OT;5.0;386
331;G1067_OT;1.0;386
332;G1003_OT;2.0;268
332;G1003_TP;4.0;268
332;G1003_TP;2.0;268
333;G1138_OT;4.0;383
333;G1138_P;2.0;383
333;G1138_TP;4.0;376
333;G1138_TP;2.0;376
333;G1090_P;2.0;104
332;M1070_OT;4.0;704
332;M1070_P;4.0;704
294;INF1070_P;4.0;681
294;INF1070_OT;4.0;681
303;UET1130_OT;2.0;95
327;G1179_TP;2.0;363
327;G1179_OT;2.0;363
332;G1008_OT;4.0;488
332;G1008_TP;4.0;488
316;G1172_OT;4.0;674
451;UET1085_TP;6.0;426
451;UET1083_TP;6.0;257
435;UINF1022_TP;6.0;415
455,435;UINF1049_TP;6.0;823
435;UINF1031_TP;6.0;805
435;UINF1035_TP;6.0;317
435;UINF1018_TP;6.0;491
435;UINF1048_TP;6.0;404
455;UINF1048_TP;6.0;404
443;UGE1089_TP;8.0;363
443;UINF1011_TP;8.0;466
310;EC1174_TP;4.0;501
313;EC1152_P;4.0;501
313;EC1152_TP;4.0;501
267;MF1008_TP;4.0;244
267;MF1008_P;4.0;244
267;MF1008_OT;2.0;244
268;MF1008_TP;4.0;244
268;MF1008_P;4.0;244
268;MF1008_OT;2.0;244
302;UET1004_OT;4.0;1103
302;UET1004_TP;4.0;1103
300;UET1027_OT;4.0;1103
300;UET1027_TP;4.0;1103
300;UET1029_OT;2.0;463
301;UET1015_TP;4.0;463
301;UET1015_OT;4.0;463
295;CA1032_OT;4.0;674
295;CA1032_TP;8.0;674
301;UET1020_OT;4.0;839
301;UET1020_TP;6.0;839
302;UET1007_OT;2.0;839
302;UET1007_TP;4.0;839
317;G1167_OT;3.0;268
268;UINF1066_OT;4.0;389
267;UINF1066_OT;4.0;389
268;UINF1066_TP;4.0;389
267;UINF1066_TP;4.0;389
268;UINF1066_P;4.0;389
267;UINF1066_P;4.0;389
271,272;INF1020_T;2.0;457
271,272;INF1020_OT;2.0;457
434,430;UINF1020_TP;4.0;389
434,430;UINF1020_TP;6.0;389
434;UINF1019_TP;6.0;514
430;ULC1111_TP;6.0;635
442;UGE1092_TP;4.0;372
442;UGE1088_TP;6.0;511
442;UGE1101_TP;8.0;559
269,270;INF1058_S;4.0;514
440;ULC1157_TP;8.0;739
442;ulc1111-1_TP;6.0;305
442;ulc1112-2_TP;6.0;304
430;UINF1008_TP;8.0;382
271,272;INF1020_TP;2.0;457
430;UINF1051_TP;6.0;415
434;ULC1111_TP;6.0;635
440;UCEE1009_TP;5.0;252
440;ulc1111-1_TP;5.0;305
440;ulc1112-1_TP;5.0;678
440;ULC1155_TP;5.0;739
440;ULC1160_TP;5.0;304
442;UGE1103_TP;6.0;405
267;INF1052_TP;6.0;278
268;INF1052_TP;6.0;278
270;INF1017_TP;4.0;256
269;INF1017_TP;2.0;256
269;INF1017_OT;2.0;256
300;UET1029_TP;2.0;463
300;UET1029_T;4.0;463
434;UINF1056_TP;8.0;805
434,430;ULC1112_TP;6.0;772
295,318,*39,*40;CSH1015_OT;2.0;1126
295,318,*39,*40;CSH1015_TP;2.0;1126
295,318,*39,*40;CSH1015_TP;4.0;1126
295,*40;UGE1042_OT;2.0;1126
295,*40;UGE1042_TP;4.0;1126
295,*40;UGE1042_TP;2.0;1126
270;INF1007_TP;4.0;256
270;INF1007_TP;4.0;256
270;INF1007_TP;4.0;256
269;INF1007_TP;4.0;256
296,*40;UGE1040_OT;4.0;875
296,*40;UGE1040_TP;1.0;875
296,*40;UGE1040_TP;5.0;875
440;UENF1009_TP;4.0;99995
455;UCEE1016_TP;6.0;563
296,*40;UGE1038_TP;5.0;274
296,*40;UGE1038_OT;4.0;274
296,*40;UGE1038_TP;1.0;274
326;CA1060_TP;8.0;274
326;CA1060_OT;4.0;274
310;EC1182_TP;3.0;92
331;CA1048_TP;8.0;274
455;UINF1050_TP;12.0;1107
309;EC1168_OT;1.0;290
309;EC1168_TP;2.0;290
309;EC1168_L;1.0;290
303;UET1128_L;4.0;375
303;UET1127_OT;2.0;375
303;UET1127_T;1.0;375
303;UET1127_T;3.0;375
303;UET1128_T;2.0;375
303;UET1128_TP;2.0;375
434,430;UINF1024_TP;8.0;1128
442;UINF1010_TP;4.0;1128
